X                      Y                      U                     U*                 U* - U
0                      0                1.5e-50                      0                1.5e-50
2                      0                      8                      8                      0
4                      0                     64                     64                      0
4.1                      0                 68.921                 68.921                      0
6                      0                    216                    216                      0
7                      0                    343                    343                      0
7.5                      0                421.875                421.875                      0
0                      1                      1                      1                      0
2                      1                      9                      9                      0
4                      1                     65                     65    1.4210854715202e-14
4.1                      1                 69.921                 69.921    1.4210854715202e-14
6                      1                    217                    217    5.6843418860808e-14
7                      1                    344                    344                      0
7.5                      1                422.875                422.875                      0
0                      2                      8                      8                      0
2                      2                     16                     16                      0
4                      2                     72                     72                      0
4.1                      2                 76.921                 76.921                      0
6                      2                    224                    224                      0
7                      2                    351                    351                      0
7.5                      2                429.875                429.875                      0

 ||U-U*|| / ||U*|| = 5.817122104948478e-17
