X                      Y                      U                     U*                 U* - U
1                      0                    100                    100                      0
2                      0                    200                    200                      0
3                      0                    300                    300                      0
4                      0                    400                    400                      0
1                      1                    100                    100                      0
2                      1                    200                    200                      0
3                      1                    300                    300   5.6843418860808e-014
4                      1                    400                    400                      0
1                      2                    100                    100                      0
2                      2                    200                    200                      0
3                      2                    300                    300                      0
4                      2                    400                    400                      0
1                      3                    100                    100                      0
2                      3                    200                    200                      0
3                      3                    300                    300                      0
4                      3                    400                    400                      0

 ||U-U*|| / ||U*|| = 5.189070459296527e-017
